<TICKER>,<PER>,<DATE>,<TIME>,<OPEN>,<HIGH>,<LOW>,<CLOSE>,<VOL>,<OPENINT>
CAIE.US,D,20250626,000000,26.46,26.47,25.13,25.25,48295,0
CAIE.US,D,20250627,000000,25.32,25.845,25.255,25.4017,82559,0
CAIE.US,D,20250630,000000,25.43,25.67,25.3999,25.6687,79246,0
CAIE.US,D,20250701,000000,25.65,25.77,25.58,25.65,140262,0
CAIE.US,D,20250702,000000,25.62,25.82,25.62,25.82,70460,0
CAIE.US,D,20250703,000000,26.05,26.1435,25.95,26.0666,44545,0
CAIE.US,D,20250707,000000,26,26.11,25.71,25.8054,119508,0
CAIE.US,D,20250708,000000,25.81,25.87,25.73,25.74,223176,0
CAIE.US,D,20250709,000000,25.7804,26.02,25.7804,25.9807,196560,0
